Time (seconds),f0
0.0238726,22.041801982060566
0.048929,21.33726255446207
0.07301039999999999,22.548653933232185
0.0980668,24.555467843281722
0.12206889999999998,21.872920549293994
0.1469436,22.11555037185109
0.17063810000000001,24.55607601035386
0.19572879999999998,22.232338628396597
0.2196443,24.378617420929107
0.2447186,24.386204495439802
0.2682757,23.998045844118455
0.2928865,24.037631409560095
0.3169765,21.305732079225816
0.3419707,24.046361821792313
0.3660426,28.484557195680082
0.390986,25.746894756681478
0.4140558,22.87048470363314
0.4400547,21.644956368598866
0.4631343,22.748257387778988
0.48897219999999997,25.786312189373202
0.5121031,23.544326911270378
0.5370524,23.915590440477033
0.5610273,24.90031944157032
0.5858324,23.27265425220301
0.6104119,26.262700955700915
0.6355066,22.585112689677008
0.6584129,24.4678924087819
0.6844186999999999,23.85538833015885
0.7071097,24.58591851742574
0.7331808000000001,20.731262382739118
0.7560545999999999,23.846297294313334
0.7811675,22.5767459139006
0.805135,23.9073203306601
0.8302295,20.28248662025305
0.8542311,29.04394237501027
0.8791351000000001,27.16194855335076
0.9032376,26.669386487746817
0.9282925,26.54106853793178
0.9512328999999999,27.620656069324493
0.977392,24.084891094775024
1.0003435999999999,22.1795707732277
1.0264151,21.089451121944172
1.0493455,26.53990293412113
1.074343,27.831979272315763
1.0983406999999998,23.364463023082816
1.1233447,24.320736230627787
1.1473427,20.88005510731086
1.1723430000000001,20.836091453338007
1.1954467,23.572258334457583
1.2214491000000003,22.552010050666837
1.2443440000000001,23.316259246052596
1.2703440000000001,20.865088025992144
1.2933431,25.425758211627286
1.3183455,20.610277697740578
1.3423462,19.373778192703742
1.3674517,23.4526963601347
1.3914356,22.928903353283925
1.4165375,23.879666283770792
1.4394354999999999,21.978060431513708
1.4654357,24.896740829982406
1.4884338,23.686294930210114
1.5145378,26.00509340032422
1.5374364999999999,22.67408031002179
1.5624318000000001,25.849557629177305
1.5864353,23.273164310090475
1.6115537,23.236444625990618
1.6355528999999998,24.282820483704697
1.6605488999999998,24.77574634449031
1.6845496,22.592495017243124
1.7095506,23.924056881184413
1.7325485,22.7665057054822
1.7579916000000002,23.461050337936957
1.781327,22.113783438135844
1.807596,20.773247417703704
1.8305948,22.143851203649866
1.8556833,23.42095914484463
1.8796,23.91397464500618
1.9047322,26.82185987650875
1.9284523,23.69145354953663
1.9534508999999998,23.1536149837665
1.9764496999999999,23.918963140917402
2.0034692,24.211628796099838
2.0255009999999998,23.402796406403503
2.0514526,21.383159585975463
2.0744519,25.82480928220689
2.0990138,21.20614374032177
2.1230125,19.30653703518536
2.1480682,23.35889101439693
2.1721206000000004,23.901805044121986
2.1976112999999997,28.5332616840642
2.2206166,24.66076224862712
2.2466116,20.64537627793881
2.2696531,24.851334115922985
2.2956827,22.3481764497335
2.3186159,20.12099177355675
2.3446131,23.97535252267201
2.3676142999999996,23.92589373713287
2.3926136000000002,24.00868850596279
2.4166117000000003,24.19118467784492
2.4416144,23.20191209261978
2.4656138,23.952167688907338
2.4906147,26.452660892725856
2.5136137,29.599478410172676
2.5396121,38.00453610004128
2.5626106,60.05220756856172
2.5887133999999996,78.80818841161697
2.6116121,89.50838597839748
2.6366115000000003,134.1765467873864
2.6606171,232.0732731480247
2.6858463,185.82191434749453
2.7096283,172.01220600903642
2.7346129,202.35752592746726
2.7576132,146.36070956527567
2.7836123,81.11456024379312
2.8066804,176.2148920832811
2.8326695,117.62700949635155
2.8557541,166.23714767432995
2.8806697999999997,298.35270495222653
2.9046726,281.8203696766494
2.9296708,319.7829871619746
2.9536862,285.08781934224527
2.9787232999999995,139.46846638636663
3.0032005,216.20337887050917
3.0277421,257.42127039347804
3.0508959,182.3382338962934
3.0767472000000002,195.97638593534512
3.0998333,168.60490581133774
3.1258824,241.60053788469025
3.148834,222.8102988846771
3.173775,77.70338911622262
3.197655,46.25786783930655
3.2226472000000004,75.89173362680518
3.2466781000000005,118.74748694846994
3.2716436,146.29969553395836
3.2949531000000003,289.91600255269645
3.3209517,255.86701976935814
3.3439567,239.43329987238624
3.3699534,256.6647568580787
3.3929555000000002,198.47199171170516
3.4179537000000004,180.93907191344766
3.4420466,177.0884946613327
3.4670167000000003,194.4991926610679
3.4909532,172.61013535376688
3.5159535,174.95096963965787
3.5389585,148.37135791404214
3.5650277000000004,144.5625534485366
3.5869532,141.23990778926873
3.6133032,166.3853535462372
3.6363111000000004,138.00264651948493
3.6613748,91.77248472908376
3.6863067000000003,64.53460787885051
3.7114258,53.06863878482212
3.7353040999999996,92.19791043700458
3.7603049,132.80534265511326
3.7844589,131.37502059613766
3.8088229,197.9818445094451
3.8323959999999997,208.26013882035394
3.8583004,270.12803918877233
3.8813042999999996,348.41043161078636
3.9063456,326.3582205083493
3.9303012,637.1681598552053
3.9553034,1170.4095706207495
3.9793017,1064.4537631272888
4.0043066,378.0975919824197
4.0283036,513.8649974796326
4.0533035,1767.5967048199107
4.075820200000001,1846.1113568604599
4.1018116000000004,974.6170566398426
4.124814499999999,1673.0426717356268
4.151159,1314.2451531577992
4.174926,1486.7206015490065
4.1988735,698.6354784359759
4.222873,1153.0638063126214
4.2478739999999995,1249.6388537418322
4.2718732,1587.104001100697
4.2968748,1329.7487784971374
4.319888400000001,715.1311922346644
4.346035,1463.835111490509
4.3688767,1261.6895633626646
4.3950691,413.9052952872515
4.4179618,1262.9043447434904
4.4433239,739.0459702849073
4.4670048,357.8039568582594
4.4921850999999995,1078.081343593642
4.516105400000001,438.34002371534933
4.5410227999999995,586.8941162285332
4.5651715,842.0919452743173
4.5902107,206.64135360740798
4.6131212999999995,475.510259043942
4.6391218,330.73197411152273
4.6626511,237.9947894192857
4.687663099999999,495.5970702419251
4.7112590999999995,188.0682316493536
4.7362597,277.4400072770203
4.760256500000001,220.6052810166765
4.7852669,233.34021583974308
4.8093333,257.65531245519907
4.835336900000001,213.17520224555034
4.8573298,188.4124043143513
4.8833296,244.64936499972004
4.9064307000000005,212.51959586312103
4.9324315,253.81177129314278
4.9555171,244.4629285384496
4.980435099999999,245.5961992830452
5.0035636,296.54759139870185
5.0295641,277.96962366582716
5.0535681,293.8708763631259
5.0785644,195.43415260462774
5.1026638,199.68221225282963
5.1275656,219.6291634443289
5.149559,261.05024499653956
5.176563,191.05604229726723
5.1995597,162.30107201314303
5.225561099999999,188.2578676123795
5.2480342,211.25578126060472
5.2729867,193.12407598573697
5.2973294,199.0269143613213
5.322542400000001,179.2137786763516
5.3464594000000005,221.26002317046564
5.371460400000001,179.19953729236218
5.3944557,147.10091065823767
5.4205666,187.95617605422333
5.4434655,163.5426967823406
5.469461,151.96410079436018
5.4926386,185.64883823104194
5.5168040000000005,181.34928613753036
5.5413022000000005,171.70831511025634
5.5658133,204.60471167834052
5.5907843,228.4291437042268
5.6147988,215.98642277746364
5.6382897000000005,355.43271790436586
5.664003599999999,244.40165145962442
5.6879265,219.87640989692628
5.7133381,357.38657744967463
5.7363663,303.38371109275204
5.76127,215.2849908875246
5.7853818,216.51609951203017
5.8102028,236.2321316186069
5.834203,242.95115386811722
5.8592026,262.8950631794228
5.8823526,258.48874445900475
5.9080164,277.872070225635
5.931108999999999,213.1724585129151
5.9571011,195.18677928265774
5.980016200000001,271.69267790656386
6.0065401,331.8435834803469
6.029537400000001,232.70045522901708
6.0545404000000005,162.11740808967298
6.0785985,102.52427448654483
6.1041508,108.86432069039162
6.1274280999999995,244.93554958012066
6.1521487,275.9130977471335
6.1753845,215.2624101179195
6.2014747,392.15619496835996
6.2241447,999.0558881381702
6.250515200000001,1357.9568625775794
6.273442,2328.6036644245382
6.2982209000000005,246.5525635975783
6.3230705,1841.3465960046988
6.3473966,1696.640638241835
6.371165,130.8280856712985
6.396077200000001,1064.1993704245422
6.4195709,2326.526919074123
6.4454617999999995,2091.5852703804007
6.468430000000001,386.7312493972163
6.4939883,1620.717704622991
6.5184492999999994,1220.1759437216806
6.5429902,599.203908754925
6.5661759,1661.9325777550628
6.5915441999999995,2063.942584646835
6.6160762,885.6414713603417
6.6400697,1604.9250536121783
6.6641822,1595.5322576099759
6.689317699999999,1074.5320670791075
6.7121978,1710.7939537864313
6.739300999999999,235.5270731288234
6.761255,724.4565599943938
6.7872,1060.7918887593128
6.8101993,348.8070491096286
6.8361981,502.04406731623243
6.8595378,453.93098054186356
6.8845747,314.9627259478128
6.908197400000001,345.9114705939441
6.9342,277.14979102895813
6.9565964000000005,260.48375276714273
6.983200999999999,342.11442539472296
7.006197200000001,238.84628431396408
7.0313468,335.1096202643574
7.054205900000001,259.8819952509329
7.079195299999999,276.69918588253296
7.1038241,382.9667523446574
7.1288214000000005,217.5712717285958
7.152820299999999,292.5535749688212
7.1778960000000005,263.8173456463078
7.2005217,250.24760454950348
7.2265387,218.17744345345847
7.2494643,232.04085589636787
7.2756505,197.10162572658402
7.298397099999999,131.851893787296
7.323672099999999,122.14622100741973
7.3477795,158.71846430638288
7.372944599999999,213.90782588428166
7.396902099999999,183.98187227296023
7.421747200000001,237.10146018614125
7.444767999999999,212.93620323057564
7.4716320000000005,211.58548833656013
7.493786599999999,223.02625724250365
7.519632799999999,254.03791980314273
7.542625200000001,341.28500086407877
7.5687027,421.6646909687065
7.5916274,313.37525881594223
7.6170634999999995,280.57209705697676
7.640689599999999,192.21368291713844
7.665691900000001,150.09596136171578
7.6896918,161.76595898584424
7.714689,96.50789160238442
7.7386932,53.66769714329777
7.763691199999999,62.031544075609524
7.787747099999999,55.7165692233656
7.8126904999999995,124.31651001103357
7.8358841,177.90166444751117
7.8607821,151.46095907793534
7.884689999999999,227.50445252713996
7.9102881,257.54114783444084
7.934357400000001,281.4846951020074
7.9592887999999995,290.6205893041313
7.9822838,238.28763925421384
8.007937700000001,252.57558412307034
8.0313594,179.91191400781062
8.056963,148.04869239906708
8.0799372,134.758434039499
8.1052287,155.26941334266817
8.1292281,148.78820265777534
8.1543164,88.97533059493168
8.1783359,100.25853651456453
8.203072099999998,108.91411773148583
8.2257991,171.44091027117824
8.252325500000001,146.27432846339025
8.274995599999999,141.66947436843134
8.3009732,141.59743955843626
8.3238018,116.02090571701116
8.3498001,103.71883740068003
8.372905000000001,88.69460203321646
8.3973966,75.981897837276
8.4223957,117.00589012747899
8.4469934,75.56556330673914
8.4713869,75.7244999327496
8.496389599999999,71.21812985633825
8.519394199999999,53.93227642648626
8.5453904,411.8668826146286
8.5683961,506.91718242714927
8.594478599999999,716.0911117949368
8.617559,1332.652765895625
8.642092,1386.0408665918535
8.666091699999999,343.4204928384655
8.6910911,186.43708575431984
8.7146409,515.3716916893178
8.7407587,1610.4075732680496
8.763748199999998,1422.2844568725156
8.7890959,1311.4559742478864
8.812037,1074.423364201699
8.839227900000001,842.0678541070436
8.861057800000001,845.1040438514524
8.8868625,1125.735406497449
8.910178199999999,915.7356739979917
8.9351773,1733.0503849467887
8.9588585,1118.1623568031875
8.9841769,263.1750457266483
9.008447199999999,356.19747929953195
9.033444900000001,1289.5124211475156
9.0565124,959.7650951777116
9.0824435,1259.9097926415072
9.105680699999999,833.8878189826141
9.1315434,300.6791221502853
9.1546905,530.0199903641893
9.179443800000001,635.8591544269169
9.2034435,354.07159694370284
9.2285149,535.1634940660554
9.252444699999998,321.0128199090734
9.2774427,141.35596131619394
9.3004403,371.61724791698396
9.326443199999998,76.14180083317217
9.349511099999999,83.30580429791355
9.3754435,155.5514336261759
9.3985231,222.36237855756286
9.4235234,104.21552835973789
9.447523599999998,91.4802309769737
9.4725273,54.5055276540958
9.4967368,53.50010318350494
9.5216012,147.94828192085436
9.544607199999998,167.1534000637188
9.5709805,92.04594175049924
9.593599800000002,69.91385392585921
9.6196346,94.23443953132278
9.642632699999998,105.75006509391108
9.667632800000002,99.37358191861637
9.691633900000001,66.55706469248129
9.7165859,68.72071033244212
9.7405868,96.93608991171976
9.7655871,116.98981557440567
9.788688699999998,120.67619157370116
9.814682000000001,108.84258066699847
9.8377237,113.55952415757551
9.863585,129.63379965080063
9.886586900000001,153.13161571079368
9.91273,171.36681593667038
9.936024699999999,138.8979652336051
9.9606504,139.23238720381397
9.9849129,140.69504689633175
10.0099857,126.74776896293545
10.033987800000002,100.32263626472235
10.058909199999999,64.32020725502466
10.0809784,117.01028202729077
10.107183000000001,129.45415477028695
10.1301498,151.79928776232
10.1564648,140.52484168066252
10.1802251,100.47316600129447
10.205103900000001,162.65411966776315
10.228456699999999,145.84998415541628
10.2531106,97.55343347556038
10.2781067,55.03573149980406
10.3021867,53.38068071498278
10.325102099999999,56.88340922089945
10.351212,55.80007282884508
10.3742442,40.028097170198194
10.4001026,33.1169587834452
10.4234886,56.427674127376804
10.448101800000002,76.96499370820057
10.4722106,90.84612125882543
10.4976034,101.40243113179315
10.5226011,75.60239388592267
10.5466821,86.48446746445238
10.5696568,59.62213503608083
10.5956039,69.24559446863952
10.618677900000002,76.04998095499673
10.6446035,116.86969486311473
10.667603,104.29570970270171
10.6926031,86.26475678609565
10.716575599999999,76.38205934973807
10.7421603,119.08226473892668
10.7651539,88.96597199896902
10.791152499999999,70.04062519996458
10.814897300000002,79.50719935466738
10.8397479,76.67135857239893
10.8627968,58.51996550234361
10.8888164,60.195058959670085
10.9116766,70.04494813197888
10.938302499999999,67.51397342586606
10.960667800000001,81.67677112569622
10.9862726,77.14390177388977
11.0096478,240.8547281037843
11.0343871,123.51290596682934
11.0582716,160.0391950614295
11.0833426,182.7330298948184
11.107569699999999,230.37811686247943
11.1326954,323.0422734129095
11.155339,277.167272990951
11.181398399999999,229.89056449641785
11.2054555,292.91805696067667
11.230201199999998,230.95702241465173
11.2542257,272.75550910281396
11.2781951,393.83123401061727
11.3032422,480.28014465871473
11.328247300000001,353.79834487007747
11.3511214,305.7292415621842
11.3767891,347.72379687002217
11.400367999999999,248.60278692582924
11.4257848,238.63286304553463
11.448366400000001,110.09324802751026
11.4739506,138.93922696995924
11.4975643,98.28794734857995
11.5229168,356.6131488579421
11.5466549,1017.9964844861402
11.5725105,1272.8050735576394
11.5955124,1519.8268837339583
11.621510699999998,1386.9633301458673
11.643806199999998,849.4381853985964
11.6703179,566.8770528518257
11.6925106,1088.8282437656146
11.718620300000001,2554.981436499353
11.7415085,568.040796350178
11.7665088,2311.0059142379246
11.7909112,1154.376568537127
11.815696,1022.5382807067499
11.839642999999999,1285.6595387354103
11.8649247,1062.746115687231
11.8876433,309.57340735880587
11.9137633,1403.9302541770737
11.936700300000002,868.8889296762316
11.962762800000002,229.1544298134866
11.9856999,569.6410550601225
12.0109935,792.2953004428078
12.0347002,226.08141449119432
12.0596981,596.8247805073039
12.0846975,124.12857573070887
12.1089613,231.80616093547164
12.131800199999999,238.315859447701
12.157700300000002,231.07016179639993
12.181030499999999,110.96253655389151
12.2069175,123.37821384585796
12.2301939,74.72036779424154
12.2557926,78.76206901944118
12.2787917,145.96677222685233
12.3043222,99.51645823554303
12.327930699999998,115.5800464368886
12.352932199999998,120.50796479395204
12.3771136,203.04808876859207
12.4019296,222.677231729726
12.4249313,173.18279504627802
12.450979,96.52407499817673
12.4741819,140.35489192484658
12.5001104,98.83243563277583
12.5232482,95.28641289141308
12.548150999999999,67.69395250488473
12.572011,153.6338932133373
12.5972257,153.97485916419367
12.6210082,199.08067702382337
12.6460094,167.18116450247106
12.6690099,185.05079083201102
12.695010400000001,195.1027783372825
12.718129199999998,186.34076783597936
12.744271000000001,201.73366473264946
12.7672148,240.12849516721514
12.7921336,217.09876661482141
12.816129199999999,190.08518243883006
12.840918499999999,208.80214850227773
12.8651717,256.43890793874266
12.8899171,257.46877459163113
12.9138181,191.06516642071117
12.9398191,244.18937240438063
12.961818,198.57158561498582
12.987819400000001,199.4991340346468
13.0109289,173.88244850440157
13.036592500000001,175.72645051126005
13.0602567,136.73333635499046
13.0851924,162.74780436867883
13.109239800000001,132.9224188256971
13.133985800000001,123.09550234370754
13.157062300000002,84.45304775609209
13.1830351,72.36041144628689
13.206060199999998,92.63179531222055
13.2320929,119.4983442353953
13.2559919,120.4684766371292
13.280273900000001,154.27657040532685
13.304095000000002,128.22526272243914
13.329348999999999,158.37919190524718
13.354102800000001,136.1608648759026
13.3783565,116.35732745859514
13.4020982,118.5142110712547
13.4273763,202.7045649636989
13.450343599999998,323.5504496228003
13.4761791,228.28567330871752
13.4990978,219.60924191952697
13.525097400000002,310.1116536767333
13.548316,273.18467638922465
13.573459099999999,276.50651400983423
13.5970979,383.3535686082518
13.6230981,322.7550867925789
13.6461954,340.61151802106855
13.6721761,289.88258678529616
13.694170499999998,231.9923208208948
13.721175,180.84983634484925
13.7434163,195.0812171261982
13.7691736,315.4692551833806
13.792176199999998,373.0173527108822
13.8172402,425.43991668222503
13.841280900000001,554.4621939307481
13.866487699999999,380.6315580779149
13.890394199999998,825.0895656583847
13.915735999999999,700.8643584229096
13.9397337,356.8723416798886
13.964735500000002,278.8866849060246
13.987736199999999,715.1997924428836
14.013733100000001,1408.3143232235002
14.036734299999999,1038.7069408851391
14.0627401,555.8629156518842
14.085816099999999,225.96309286911162
14.1108215,726.6727455985285
14.134813099999999,1466.3692677460112
14.1598184,855.6894068022978
14.184067,674.4592123499114
14.208719,1704.054393773721
14.231719,1600.762806410897
14.2577195,850.3791281238802
14.280716199999999,967.6715445550504
14.3075557,912.9316415872004
14.329654500000002,911.2652148150569
14.3546557,1845.3929631346155
14.378663099999999,1417.8594015647045
14.404578899999999,315.0538201594024
14.427659699999998,946.2983661894166
14.452574499999999,1567.4403691339598
14.4755704,427.99877586714894
14.501215700000001,1308.5588123505825
14.5241487,730.4453034840849
14.550148499999999,347.31827832933976
14.5742395,447.9277870629528
14.5981503,92.29359515848246
14.622231,533.253144450168
14.648231699999998,369.8148730554111
14.671316399999998,280.7404523688424
14.696227599999999,357.0619923629709
14.721296100000002,115.64444167236053
14.7456579,106.31337846291214
14.768289800000002,99.405475136525
14.795293099999999,126.26923096068867
14.817972400000002,202.38173598392447
14.843380900000001,190.12369531360622
14.8666744,151.51522722486675
14.8913522,142.9335244803339
14.9157331,187.3722500636724
14.9408202,196.46708988868437
14.9647341,157.84022569565187
14.9907341,113.77060896543631
15.012844099999999,126.95732396116875
15.0389364,153.98024137417394
15.0618286,148.62596986875738
15.0878315,165.695713590352
15.1109476,123.72527186196749
15.135944400000001,147.9994994377184
15.1599503,131.48331649503237
15.184946499999999,175.214888468121
15.209034400000002,120.40542810791494
15.234033800000002,56.91623601510031
15.2570348,219.2862160333997
15.283034299999999,162.16201413558392
15.3061633,358.1963994636734
15.332135699999998,308.93383067394365
15.3551304,447.13419368176926
15.380309299999999,471.64649696311807
15.403719400000002,434.63037669932953
15.4287241,348.05567855632734
15.452324599999999,177.6672732047802
15.4783247,108.51209811159534
15.5023544,50.335096860247226
15.5273256,32.278944624307975
15.5499606,22.001412152738027
15.5760605,22.542667962408597
15.5990536,24.098786417790297
15.6248658,23.49908881736488
15.6478486,25.28444901387145
15.673515099999998,24.62538995499594
15.696834299999999,28.526939510931086
15.722262099999998,24.541342129534353
15.746576800000001,25.8951987477624
15.771580199999999,29.4160473925026
15.7935777,19.553561453488868
15.819580100000001,25.117736408719974
15.8435833,25.574421318287285
15.868580800000002,23.429682612231346
15.891577700000001,22.85333781177847
15.917144500000001,24.54427441396405
15.941197599999999,25.108046353884994
15.966146700000001,26.389875114813268
15.990154500000001,23.64356231278208
16.0151441,26.269281078501812
16.0381494,21.388851805861314
16.064144400000004,22.73434048317344
16.0871429,24.09315614042109
16.1131461,25.24291756864523
16.1361418,24.96480091291724
16.161144,23.519536045968728
16.1851437,24.904600510013353
16.2101438,21.975512210375957
16.2341413,22.587630005476257
16.2591429,22.21996821936381
16.2831419,23.942175109750302
16.3084965,21.10896929023522
16.3308172,30.76730726145074
16.356822,21.034708745475776
16.379763099999998,22.855525257965656
16.4067891,23.15546028617395
16.4295316,23.56534564902998
16.4546478,26.462241927261346
16.4786446,26.240905359557527
16.50368,26.743497894802424
16.5276828,24.87164066680255
16.55268,24.351123967506027
16.5746789,23.512604108550157
16.6011379,22.893441563668745
16.6240733,27.887192573995407
16.6501038,22.95092585531117
16.674086300000003,22.057029472623157
16.6980722,26.511655628674447
16.7217209,23.203638152212704
16.7477229,26.61122095275073
16.771733800000003,19.996149315758135
16.796726500000002,24.089669376915488
16.819800100000002,24.010054634851297
16.8458092,23.309911926736607
16.8688042,26.686017025366716
16.894820899999996,26.031801992235035
16.9177985,22.66382297093828
16.9435985,21.3034669525898
16.966708899999997,21.711817503448835
16.9916546,27.045553219681672
17.0151916,22.427244505721568
17.0402629,26.238036902171938
17.0641937,21.79342014127096
17.090200699999997,22.05211230918529
17.113305800000003,25.39374887582954
17.1392007,22.46493973565864
17.1621974,24.649677831108036
17.1872897,25.618333578973367
17.2117324,25.427089616911488
17.2359147,26.916458716450478
17.259540100000002,21.09694533682706
17.2845986,21.516622186062175
17.3085845,21.46399810536161
17.3335121,23.98327385471899
17.3574078,22.99822795282157
17.3835442,22.6695951911204
17.4060311,24.018051989379888
17.432184200000002,22.128208941414837
17.455019,20.629345058949394
17.4794171,23.129782581219196
17.5031164,21.849475165808094
17.528638600000004,23.21905960364804
17.5526383,21.90175198320963
17.5776391,25.085876571314273
17.6006372,25.628185895127952
17.626461499999998,20.499410914910502
17.6491926,27.8348560329999
17.675323199999998,22.54975869016222
17.699195899999996,27.071295451719678
17.723920800000002,29.176776653195596
17.747887600000002,23.085971132889238
17.7729008,22.800703085922034
17.796809200000002,26.499631421530694
17.821820499999998,21.975814549239423
17.8458247,23.26515217352281
17.870820000000002,25.42797009499053
17.893821,22.90547722943782
17.9198198,24.390344635317827
17.942901100000004,21.680234782909405
17.9688201,22.099496963008168
17.992033199999998,19.169291317880607
18.0174253,22.999670662286967
18.041431699999997,26.167430130961968
18.066435300000002,22.527805191008618
18.0904291,19.47029679405245
18.114709899999998,23.376334256343142
18.1385972,22.401332348732463
18.164580100000002,24.706079716057854
18.1883726,25.285782424413807
18.2126093,27.615501959889937
18.2355461,20.2600730968154
18.2605455,24.633898439696026
18.2845831,26.560066410141367
18.3097208,43.354746481967545
18.3338115,45.881893280594475
18.3588374,66.743049858012
18.3817205,75.2046877719198
18.408814899999996,173.542154073158
18.4308088,135.73256481927757
18.4570811,170.62834021733445
18.4798992,281.07027083250813
18.5046072,263.8939276139998
18.5286264,98.96782692814891
18.5536232,158.21393408068946
18.577621899999997,139.01098426468258
18.6026766,141.88489736415048
18.626689399999997,80.35333300627029
18.6516883,109.05482762618821
18.6746874,163.91018768812856
18.700762,102.30983450775102
18.7239494,127.81995487172217
18.7492609,321.1463980467701
18.7722595,168.05429028176925
18.7973754,120.37764641615517
18.8228161,94.19964654703902
18.8468118,105.24688980286354
18.870810000000002,116.14477749505889
18.8958924,90.18914738236055
18.9189837,111.59931293143444
18.9449842,213.76201593469168
18.9678237,208.20399221184113
18.9939082,65.05205326212176
19.0161726,56.49461107686032
19.0420926,77.97907701317563
19.0652721,115.57875489389761
19.0912738,141.97954629076588
19.1149242,143.99872050176006
19.140787600000003,117.36666492173302
19.162784100000003,96.81884793933132
19.1887875,137.72771164988808
19.211401199999997,78.27377641425366
19.2374032,73.32318101236704
19.2603991,68.2419680719216
19.2864695,99.58741114929462
19.3103695,114.97078853985484
19.3344162,84.51284118596952
19.358778,105.36505402925461
19.3833711,80.31942031782337
19.4083099,60.50238675794993
19.4323366,93.99546272413109
19.4562504,105.76573423159832
19.4823103,59.66919065177374
19.5054159,116.88465974730498
19.5307615,69.05797948135364
19.553520199999998,90.199779225268
19.5794716,100.06220147538181
19.603468200000002,95.41091820635351
19.6283875,177.2308162854643
19.652117699999998,176.40856161762736
19.677120199999997,278.66142889564895
19.7001204,297.25109986521767
19.725722100000002,310.99629349050457
19.7487204,153.62651594852855
19.774730399999996,95.09761586525313
19.7979786,880.3149041934852
19.8238549,1512.0742083754556
19.8468499,1001.7510831482258
19.8718495,236.86130858667764
19.8958576,745.3091008058883
19.921218399999997,1137.7117647005534
19.9439569,1445.412457204296
19.9699533,989.1905588078597
19.993132100000004,1335.1109526765765
20.019052,1046.705885890098
20.0421355,1116.2493209458341
20.067052399999998,940.2638202634143
20.0912077,1108.0723600296621
20.1159523,1950.114189284682
20.1399922,1104.4792340009642
20.1647134,532.5271556841197
20.1892853,1135.4751689440457
20.2142189,813.8979598062875
20.2372978,345.38925426511696
20.263222,837.5262694875931
20.286217899999997,229.8588866092784
20.3123734,444.4851382349086
20.335372699999997,369.8444779567642
20.3603706,239.30898578944905
20.3844268,416.91276092618546
20.4095318,193.94942476767005
20.433660699999997,205.26478827319085
20.458537300000003,286.6632978831129
20.481665600000003,311.3253015099674
20.5086634,314.4663117798804
20.5306611,260.42880101598666
20.5566638,272.96614820608147
20.5796776,271.34682619060385
20.604664800000002,284.43808220779147
20.6289554,314.90707906715943
20.653796399999997,291.9651728583123
20.677794,300.0152189916443
20.702900600000003,290.1282551209092
20.727049800000003,314.6409588019886
20.751924,323.2054318477059
20.7759213,361.0131397673657
20.8009272,245.22456579741146
20.824923300000002,272.05407897560156
20.849922399999997,257.8155693944275
20.8729229,195.73060809466088
20.8971667,232.61519633104027
20.9211347,241.01894360572422
20.94608,189.6070724503434
20.970135199999998,190.0946530312498
20.9950314,201.0839477004088
21.018483399999997,243.89142232925715
21.0444801,218.42879051399396
21.067482000000002,252.18162124137513
21.093484399999998,148.99729797602072
21.116511600000003,136.66996654119893
21.142366600000003,109.97707537456776
21.165413600000004,247.10721494476402
21.191675699999998,259.5233653746204
21.2149928,193.91097459474648
21.2400036,274.23465475319534
21.263147399999998,261.8753367355167
21.2889993,237.66754220382182
21.311664800000003,259.19865628396394
21.338252999999998,267.4867849976498
21.361602800000004,264.1897884105776
21.385248699999998,208.72475319558527
21.4098806,224.703152096978
21.4349992,256.0229552886209
21.4588137,225.38506643004368
21.4836252,217.09854904605555
21.5066423,206.6950260407607
21.5329051,171.99793333866867
21.5557387,193.2326706871153
21.581732000000002,150.0612263177144
21.6047378,150.60585396691235
21.630869600000004,121.252124534472
21.6538761,57.39297571632527
21.6788645,74.78335934467111
21.702987399999998,124.92748748980816
21.7279398,216.6523898896156
21.7520225,279.47287747315136
21.776873100000003,216.18928954905314
21.7998664,268.5341734512672
21.825874600000002,195.139840837489
21.8488674,148.2103353647325
21.8756053,156.46191789158067
21.897867899999998,228.03806558497786
21.9240611,272.39772973932577
21.9471982,377.51596033011737
21.9718637,358.27627765876747
21.9958663,488.2313712957306
22.020952899999997,488.3849265754857
22.0439575,371.41798575071044
22.0699522,197.54302224761662
22.092962300000003,206.28114167324023
22.1189575,144.23769147286131
22.141960100000002,639.8083733588545
22.1669557,153.49843744370318
22.190955600000002,1707.3860505534699
22.216445699999998,1610.2444937811579
22.240446600000002,945.6455686227858
22.265347,202.7573518374342
22.2883527,344.65237222781303
22.3141267,895.0199517455409
22.336924300000003,1293.745176231582
22.3629208,381.2434944231738
22.3854659,1351.1482241547103
22.4131134,1192.2909003085208
22.435119600000004,2017.471761838257
22.460111899999998,1240.9213861422547
22.4841142,1251.8818855797667
22.5091949,910.822577993037
22.533228899999997,1560.5939987959937
22.558227300000002,2096.1372441598655
22.581229699999998,407.1525273313332
22.6072361,1083.0176866838067
22.6303637,1246.656329045434
22.6563611,386.7715523591723
22.6793628,1003.6137114097234
22.7043598,573.4648561678957
22.7276113,283.05889368387625
22.753616100000002,724.529526814406
22.777619100000003,513.2209076334875
22.802623699999998,485.1152105177677
22.8249691,736.7560174083552
22.8518255,136.55545778475886
22.873951,170.20489411041768
22.899821300000003,320.4997722446883
22.9238255,152.62465368936103
22.947820899999996,310.1141522195213
22.9718266,243.5246989281346
22.996823100000004,80.03322563494817
23.020974399999997,256.1053882675683
23.0459816,174.11146919815644
23.0700719,92.8540795244755
23.0949786,171.92861559398597
23.1180384,216.29185861475358
23.143977399999997,152.01433896331847
23.1669779,123.80012670088595
23.1940861,82.63332802683306
23.2163241,47.50379197940889
23.2411232,77.49593416235383
23.2651243,112.12720477717322
23.2902675,110.71453932418808
23.314266699999997,152.31467406785876
23.3392613,103.77500452513875
23.363265,72.25812035557385
23.3882627,96.1142312806141
23.411265399999998,287.75994782724644
23.437382500000002,210.4552840713851
23.461260600000003,215.89886212997098
23.4852586,149.65475574869586
23.509259,141.32539808726028
23.5343807,166.56859836338813
23.5593867,81.3328612907008
23.5843775,76.15615865900442
23.6054642,48.57591943999572
23.6319022,64.43953113933945
23.654718600000002,94.55498874615078
23.6815772,123.72821895599844
23.7045772,118.24739369849306
23.729701000000002,127.65073557991019
23.7538664,143.29336954921018
23.7776988,188.7030001228161
23.8026993,184.6501690204088
23.8278418,159.5533855799083
23.8519633,257.63725506947645
23.8768661,263.34902390736016
23.8998463,411.7627236679916
23.9260521,285.1319202462799
23.9480016,269.02726030405836
23.9751318,278.22320509674955
23.997110600000003,288.8072650684853
24.0231335,241.47178684997357
24.047130600000003,205.84953581561228
24.0711293,181.6580954724819
24.0951293,144.26542313621934
24.1203701,174.25121065121607
24.1433733,170.6750629831697
24.1693714,162.15227037971115
24.1924727,139.9245831196512
24.2194474,122.49549424592774
24.2413683,140.3614964868687
24.2673693,184.61534221262588
24.290370899999996,161.82554922678423
24.3159971,201.7690275661607
24.3399975,209.2633330722575
24.3651264,567.3857791342767
24.3879948,1128.9165704545298
24.413404,1094.5575691844617
24.4365375,183.91828072645868
24.4624016,271.7698623386795
24.485398999999997,1020.046562578068
24.5104005,1812.404106256444
24.534502300000003,1081.2806096931422
24.5595095,1854.0482539626507
24.5835063,1199.4866407866996
24.6096225,526.6334789107401
24.6325099,1564.114442036244
24.6575136,1439.3652480787441
24.6805053,263.187166151526
24.706720800000003,1585.1393156858553
24.7296371,1594.833637065878
24.7556419,375.79902712824054
24.779647600000004,1366.3333470388204
24.803640100000003,968.0615323623883
24.827814800000002,680.5655600072378
24.852815399999997,1240.4722252066679
24.8768198,694.7400529214535
24.901916699999997,656.004298350017
24.9248223,943.0857661012759
24.9508276,1161.3185007952059
24.974004500000003,688.9538630788263
24.999401100000004,939.9555608375869
25.023172600000002,207.67740178790064
25.0491693,409.8659140400289
25.0721705,710.4033944316745
25.096173800000003,232.80165286588397
25.120453100000002,332.3023147454892
25.146371600000002,169.8621489889247
25.1693735,121.63546172729845
25.1943667,149.2224745111238
25.218110600000003,124.29966479356786
25.2443693,143.01677090949843
25.2673743,148.6504650866545
25.2913723,221.51075698724554
25.3155046,197.5942798769201
25.340503899999998,229.02992997766438
25.3644986,121.40866789805747
25.390502899999998,139.1718583888904
25.4135165,164.28995122751385
25.438508,183.65865963519312
25.4615214,261.4919341457769
25.4884973,257.99435845017626
25.510500399999998,273.03803103520545
25.5370922,213.0148579034764
25.560109100000002,297.016471861048
25.584317199999997,237.801954386601
25.6091013,195.37385044471964
25.6340783,138.59730767875496
25.6584961,140.95153715503366
25.6824934,133.788795626565
25.7055876,118.04006218331429
25.731197100000003,99.35511647132373
25.7544847,105.07061694200007
25.7804937,132.08629406893724
25.8044996,78.22728589298158
25.8286722,47.666353648704245
25.852484699999998,42.68220711684668
25.8776312,37.17488782924547
25.9015377,51.6323950736683
25.9267015,77.21956115221728
25.950707,133.50667410391418
25.9757526,178.7585476215523
25.9987035,182.1309141861133
26.0247033,150.25825163119362
26.0476995,154.92352274038882
26.073698800000003,120.83351219040223
26.096709699999998,136.26236814189014
26.1213315,148.73921112022884
26.1463339,127.60280308653577
26.1704392,121.94703151763643
26.1944077,141.0497894781193
26.2193272,168.2951197338492
26.2433376,138.91566469441872
26.269335700000003,187.98856000295967
26.292336699999996,137.82421860948665
26.3175852,132.7510672040073
26.341084000000002,126.70072696937241
26.3660846,142.56306995456544
26.3895142,180.41107921933096
26.414075899999997,171.35252337140534
26.4387462,177.46690691377754
26.463764899999997,121.03784697275786
26.486924199999997,156.1306338559515
26.5128548,117.16093784919514
26.536030100000005,74.81219176683034
26.562026300000003,111.90783866717081
26.585037699999997,148.94510376367504
26.610044199999997,95.4098707872969
26.633028000000003,85.71133762807972
26.6590295,137.02901236894795
26.6831844,245.3548073130442
26.7080297,260.4192832044609
26.7311165,200.02441516884653
26.758040899999997,270.02530495921445
26.7800908,182.57447242240875
26.806033600000003,383.99486939829677
26.8290401,161.25776075363916
26.8550341,236.67451420167671
26.8790331,301.42448162940383
26.9031122,238.353436551452
26.927681899999996,295.69696086087896
26.952032300000003,315.32921121267066
26.9760299,187.40168708089507
27.0010326,410.1259134093022
27.024142699999995,621.4069179040715
27.050034999999998,759.7803727052134
27.073032899999998,610.3042611975067
27.0994332,313.88171800797636
27.1220315,602.7808585130412
27.1480331,777.0599190560878
27.1710303,1042.2740546997172
27.196175300000004,1005.7577115778228
27.220029399999998,858.2486388136006
27.2450309,954.6750601348408
27.268029700000003,357.0639286790545
27.2940288,1090.282559953268
27.3172998,1116.9248922730785
27.344188899999995,423.3114644904618
27.366301500000002,1134.3962109617303
27.3911841,913.0093845220094
27.415249300000003,510.64871637317515
27.4401865,1255.3514659190396
27.4643044,827.498428847503
27.489181300000002,945.4814291177046
27.5121815,1170.08124462357
27.538187,790.331949876118
27.561182000000002,830.5814876065455
27.5871875,1620.3512707262114
27.6101985,410.4121857388729
27.6363695,1400.4681871583277
27.6596038,787.9028843470907
27.684369800000002,392.31136979490077
27.7085919,1289.2416488654433
27.733637800000004,436.2015875460157
27.7584641,277.58569064068337
27.781864199999998,696.6802121092525
27.8044615,300.6103119017826
27.8313668,359.0915904190211
27.854404,253.56952637872124
27.8803723,278.0050550221983
27.903374699999997,523.8355396376127
27.9282749,95.47401203079883
27.9522772,107.87891098444113
27.9772804,240.83362158665304
28.0012817,298.20066281293293
28.027029499999998,198.8772081660012
28.0499349,185.66805448767772
28.074923499999997,145.46568709483373
28.097921799999998,115.46516003459128
28.124926600000002,145.58093650481447
28.148122100000002,196.02322848979145
28.1729326,123.65487993419507
28.1969326,135.60053675973433
28.2214794,146.31440989999805
28.244967699999997,134.59004526084618
28.2704804,127.84820760490878
28.295493100000005,153.1631694710542
28.319094399999997,214.66857319596897
28.342106599999997,186.0117048328565
28.368159999999996,173.2899871342182
28.3910966,122.57202311654258
28.417085200000002,167.07969354666943
28.4414165,229.68383305801345
28.465113399999996,246.02752394128535
28.489109999999997,301.6555337154964
28.5141096,312.8021071550389
28.5377142,300.07790673520725
28.562712899999994,236.15566458174138
28.586718100000002,280.26307879593236
28.6127267,309.9430390359741
28.6352947,272.53957435751363
28.661294899999998,284.7235129541684
28.6842957,259.3805240973532
28.710430900000002,216.06712606602343
28.7335467,214.0454478445697
28.758450300000003,200.87978732802026
28.782448100000003,236.9296045339364
28.8078837,255.82480301378914
28.831449499999998,286.33947384291855
28.856590999999998,150.22488605103473
28.8794522,132.84437166553244
28.9054501,243.21427405363997
28.929657899999995,259.2935527955924
28.9547558,183.67765582472413
28.9776545,139.64527569750643
29.0027893,242.76188215380031
29.027653499999996,234.08199903355876
29.051656,221.41776878661432
29.0754352,201.50701827458863
29.1004593,214.54554747714852
29.1235566,304.3989475021719
29.149563300000004,321.92102586359016
29.1725614,356.3731576314039
29.198313199999998,327.24611525632014
29.22137,224.41397062026786
29.2463114,234.4033490672316
29.271315299999998,195.84892422129226
29.2954559,160.11548885865008
29.3203156,490.1039678619026
29.345315000000003,1072.840531594893
29.368314,923.181702723992
29.3943102,270.65758648757077
29.41644,397.76504166273463
29.442944800000003,995.2037404876481
29.465944300000004,1266.8404378695063
29.4909408,1188.6766053932242
29.514945500000003,2062.1143337321178
29.5405178,1514.1616268517973
29.5645156,372.3280166914513
29.588515299999997,957.933544769411
29.611513899999995,1510.6985387668676
29.6383109,831.778930562563
29.661172399999998,916.0703072400785
29.687165500000003,915.6949972608157
29.7101669,243.33369574276438
29.7351675,740.0404580607735
29.759487899999996,1802.291247354478
29.7841673,775.1393619320478
29.808167699999995,965.6769309266604
29.8323216,1145.1522908258728
29.8571668,496.305764136294
29.8811598,999.4677324230443
29.9041581,1039.607458947876
29.9307299,550.0350650466191
29.953728700000003,1334.019491498913
29.9797342,183.65547890080072
30.0029783,225.65974361456594
30.0283637,770.5088558838731
30.0523632,379.7038571750026
30.077364199999998,365.35164572576184
30.101363199999998,240.70556518040624
30.1265523,114.50728173269191
30.149547600000002,173.78974825904797
30.175547100000003,95.53671821317899
30.198548300000002,152.61958397295007
30.2236109,188.89351790115464
30.2474456,186.9179678904539
30.272445399999995,229.0741734919265
30.2954454,183.57034568351276
30.321081899999996,168.60203378938067
30.3450766,108.30931720735379
30.370081699999997,59.29429990536255
30.393084,85.36138492214091
30.4190793,112.09220830670472
30.4425788,67.90210271659667
30.468315399999998,110.22958103436909
30.491318699999997,150.08269694093048
30.516312100000004,87.32490438950826
30.5400205,108.64391549118086
30.5650196,85.35943571279292
30.5886562,119.0060480869518
30.6136615,134.1803030574174
30.6376626,189.7786233420185
30.664088699999997,304.7483098508708
30.6856723,602.9793106474051
30.711762699999998,401.26114355157387
30.7352109,598.6401180937416
30.7610624,508.75145430241116
30.784063800000002,389.7229152023284
30.8090653,225.06474158339034
30.833056899999995,144.0888888994765
30.858183899999997,83.65910105348631
30.8820646,41.811396900578764
30.907071600000002,33.53191360239325
30.931328999999998,22.59675638290868
30.956065399999996,22.4489981312862
30.9800618,25.152571734569232
31.0051804,23.41300110550575
31.028154100000002,25.29190128625791
31.0533636,24.161068664482684
31.0773058,18.363685754024047
31.1012962,22.19318317534647
31.1262934,22.368059664780336
31.1503849,24.134476066967768
31.1734943,23.382893059528186
31.199383299999997,28.140716984004683
31.2224755,19.68092449984819
31.248719899999998,25.49239052439314
31.271740700000002,20.325650431351608
31.2967315,22.22969894817911
31.320535200000002,24.979778789135867
31.345957300000002,26.60332446385556
31.369960499999998,28.97246926925068
31.394956800000003,24.462513304890035
31.4189563,21.573578485612384
31.4443173,21.058575080263058
31.467046000000003,25.097696355600792
31.4931369,22.75999722539932
31.516051300000004,20.673570081393084
31.542181300000003,26.106556542343206
31.5652349,24.62128279069718
31.5900846,25.285808768771798
31.614007,23.146964400449033
31.63907,27.378160304741765
31.6630645,24.798301404021903
31.6880636,21.869951966627657
31.7110667,25.363639877482388
31.737188800000002,24.852041184347947
31.7605376,22.69810638897102
31.786066100000003,23.332911378668758
31.8091969,26.13937991454848
31.834339899999996,25.87271759456167
31.858341499999998,25.056502633221694
31.883339399999997,24.681769718835668
31.9067898,22.296557720467632
31.9320984,27.909033513868177
31.955096500000003,22.304014426467564
31.981100800000004,24.228232046909476
32.0041804,25.32961318304722
32.0300968,28.163923802983355
32.053098,24.43520961464632
32.079097,25.21324001588055
32.1021571,23.870259689347623
32.127301,26.693176910285093
32.1513798,25.12398225087769
32.176299300000004,23.7801631308204
32.2002962,25.036544064126165
32.2254207,24.415598247298416
32.248379,24.287857098038764
32.2743847,25.81656581877133
32.2973838,28.916736706019456
32.3233843,27.760881953456103
32.346227899999995,28.08042402046115
32.371097999999996,25.405405946434
32.3960979,23.853573507614364
32.420162899999994,24.76262857239718
32.4451234,25.11890688607273
32.469752299999996,26.153875632324308
32.4926586,23.590691443652865
32.5186586,22.643499936408496
32.5413132,24.616907825293715
32.5673559,25.47880179060948
32.5903127,22.951451034098262
32.6153107,28.147213572408123
32.639426199999996,21.80458917937311
32.6644287,30.308805466012217
32.688425099999996,28.1079868232147
32.7134285,23.846958375583082
32.7364268,22.973305744768886
32.7624292,22.616247607285413
32.7855999,23.012176305505648
32.812431800000006,26.45196015674518
32.834657199999995,21.87741216968622
32.8596535,21.273751054349372
32.8836489,25.799206361476973
32.9076512,26.997390324895466
32.9326506,26.538500757011196
32.957652100000004,24.98512631657786
32.9816492,22.31228275331773
33.0066547,31.99734225352404
33.0295544,27.122220351784403
33.055564600000004,29.634534311507547
33.079553600000004,30.395203471793874
33.1051874,30.70766457985791
33.1286159,20.57270415868278
33.1529956,25.82632310611267
33.1777844,26.137052255128534
33.2008245,22.599136446506556
33.225947600000005,22.476797615769538
33.2499332,21.998321521517052
33.2732596,27.03883187134664
33.2997186,23.187942887413488
33.3217175,25.580649580505497
33.3493676,22.50569250906742
33.3713651,27.296327469735363
33.3968506,23.93154166152964
33.4204626,21.876544604738214
33.4456398,23.022802681998986
33.4696414,23.280207009118936
33.4956441,26.694216542838937
33.5176408,23.32357397318835
33.5436368,22.373161473710514
33.566812799999994,23.883316967090717
33.5926378,28.147532485208725
33.6158001,27.654116703275015
33.6410191,32.658072708842305
33.66511989999999,49.60386295664019
33.6899414,85.52850272986882
33.713803999999996,100.73519746532173
33.7386343,127.35868922699255
33.7636316,305.99301980029804
33.78763060000001,148.68346149478361
33.8106804,294.99462445432425
33.8367505,509.0727914769839
33.859632700000006,217.54767719237944
33.8856301,161.2238806143996
33.908633200000004,156.55258278964556
33.9336307,194.12674681587268
33.9576306,226.1063111509607
33.9826298,229.89789569944347
34.0076311,224.66425528748985
34.032247999999996,266.929476405517
34.0550439,198.01483485618982
34.081037,150.26781427577052
34.1040366,285.42686832596416
34.1301951,291.27946109700906
34.153301,214.98616042336948
34.17819620000001,196.30287273587615
34.2021961,258.9091793741889
34.226547700000005,258.82620415704855
34.2505655,160.7893217102476
34.2756641,116.22675240137166
34.2985671,171.4343964595141
34.324568299999996,190.6121653030192
34.3471677,179.21073696736843
34.3733151,221.9051699445703
34.3961725,192.13693286706123
34.4221654,200.677456257686
34.446286,231.90984219017773
34.4702384,256.4926486810555
34.495239700000006,249.1083470460667
34.5196276,271.19394451706614
34.5435092,172.77611471500214
34.5684192,228.17028064878735
34.5913072,199.5983252970613
34.617306899999996,219.281807486194
34.64071320000001,177.81561635762614
34.6668539,164.234420820191
34.689711100000004,214.56510855865696
34.7157183,230.4936519273205
34.7391679,164.74197375622524
34.764168,144.2689901955052
34.7881687,200.53552042661482
34.81316760000001,1104.7311885429194
34.8363032,497.27416573614374
34.8626227,494.46810143791566
34.8853049,243.5759483064895
34.9112971,211.60907381907893
34.9341698,911.3659329649944
34.959293100000004,563.3612108320609
34.983171500000005,1894.6509650149983
35.0081725,1360.504432871832
35.032284499999996,1522.1376132352593
35.0572882,1164.7365086571351
35.0812979,346.93946323209093
35.1062813,840.2802401939376
35.129405299999995,1850.4440657069108
35.1544054,6541.797721022892
35.1784093,1615.5141193500353
35.2044122,1190.5052537624651
35.2279162,588.2351874925388
35.2519081,1249.9388760413467
35.276128799999995,1567.1920145446225
35.3009079,536.286429206977
35.3249104,2084.157265116424
35.3499134,864.2577916672359
35.37290720000001,588.9702707399116
35.3990009,746.5842177652204
35.421907899999994,820.6220275597486
35.4480171,632.3643831029414
35.4710169,659.0629001445708
35.4960244,146.79115260598587
35.5200255,323.03954937910004
35.5460124,255.31880303440806
35.5690169,304.87834001463744
35.59401629999999,276.2980136919429
35.6180177,149.73503003289784
35.6430206,100.70610517338221
35.6662049,83.5471473794322
35.692104799999996,154.5122887612389
35.715017100000004,176.16087370812411
35.740018400000004,118.14342891469201
35.7641754,143.60780705562948
35.7890172,173.8854523670518
35.814020899999996,147.4934501234391
35.8380213,91.1054089089761
35.8630409,93.20275672701086
35.8869417,226.01615098408675
35.9110487,325.4714936213065
35.9361513,356.6801978667095
35.96015429999999,253.9909020567569
35.985158899999995,329.9554558426079
36.0081408,221.0167615585188
36.033152799999996,160.18891134352552
36.057235,154.19396005067387
36.0821385,182.0584352187747
36.1061409,182.39573879384835
36.1325588,106.81471612785242
36.15435,179.99060887141607
36.1803532,116.1699542491619
36.2034204,73.39174675643405
36.2294307,77.83961256090757
36.2524333,62.2346550723507
36.2774367,44.7927114603809
36.3014348,61.85080288023652
36.3264339,83.49195711754801
36.3503351,158.96993548934296
36.3746793,207.03970052873615
36.399682500000004,188.62819513071136
36.424679299999994,191.05207447631142
36.4466715,209.76303650221502
36.4740648,163.65315700976603
36.497071000000005,152.28408737984668
36.5221195,158.3659095855256
36.546288700000005,151.2895266706752
36.5702753,125.87877712552081
36.594278100000004,139.62884333060637
36.6192718,100.19024336318728
36.6436813,138.30388845644396
36.6680303,83.33174328926917
36.691678,113.3790613053387
36.7176864,107.44613022071064
36.7403808,96.63568585711637
36.7663841,103.99445730855163
36.7893801,113.92383011756333
36.814384000000004,135.63385470787438
36.8394985,116.72641198177041
36.8635154,117.73286881278275
36.8875012,114.17998667335864
36.9125006,109.79128914623384
36.9354994,107.60842094198229
36.9615026,82.94882291939436
36.9845016,52.076140238152426
37.0105011,90.8484939140415
37.0334992,143.4925947776189
37.058624,342.1442905159492
37.0838172,379.05826432291866
37.1074955,230.24759774683383
37.131500200000005,834.847983152119
37.1564987,923.390937018502
37.181505,655.2192932806721
37.2055044,404.10959258541754
37.228674700000006,109.73606419368085
37.254523799999994,350.1510073240842
37.2777615,1071.7250535350995
37.3035414,1778.6137129343304
37.326755299999995,1208.3947355578205
37.3519566,2227.8917121520035
37.3755069,1638.2415016623002
37.4005065,1022.0893871799815
37.4245098,1081.1374821646625
37.450109000000005,1358.544838573919
37.4721065,2088.8207843944638
37.4991045,3130.95691910506
37.522279299999994,1662.0242619397516
37.5474169,1134.5162458947946
37.5704157,867.0587852531453
37.5965893,1172.1124710013717
37.6194196,498.65093019737594
37.6445177,1078.422500458883
37.6686037,1069.9998052315889
37.6945281,304.80836441098216
37.7175186,715.1325113988681
37.742666,1149.5108584504824
37.7656677,346.214824747922
37.7916653,482.250751000232
37.8146651,649.978250983685
37.839524499999996,257.46645692145853
37.8636611,645.5315663544524
37.888591999999996,384.0165647027656
37.913538700000004,267.67657335912423
37.9376633,312.3428757605813
37.962667700000004,181.8273320147029
37.986663799999995,139.9529006323659
38.00967070000001,121.38971661202406
38.0359638,169.4451807113484
38.0595174,90.31615404694924
38.0849636,234.84710677659382
38.1079638,242.4320909675846
38.13205670000001,167.82043111302528
38.157057,167.9641672075702
38.1810582,321.6680484327732
38.205056899999995,283.42493100101564
38.231056200000005,94.73350988286738
38.2533624,118.18116510561758
38.280056200000004,113.55242874191417
38.3030539,135.7513754317576
38.3290651,235.93332420386832
38.351054,229.37940045256025
38.3770602,164.63409162212724
38.4002156,124.30447311424783
38.426059,112.77930600518977
38.450067499999996,261.52692230952215
38.475059,219.30581573288364
38.4981825,153.1456730290644
38.524067200000005,145.75539943852388
38.5476685,128.1195757099511
38.5726681,174.08400315220896
38.59566470000001,170.82818118515598
38.6219921,177.94416835974263
38.6449895,107.60468611718953
38.6699784,91.16773447059278
38.6939812,67.633852006958
38.718976500000004,74.33086663189385
38.7430098,141.6993539244852
38.768007,235.45978414056165
38.791287200000006,195.68526527876045
38.8170056,201.05311295558667
38.8402417,209.40542872420883
38.866094399999994,239.0375167846163
38.8880908,304.1419748848746
38.9130938,260.721293514825
38.9380653,331.4897925142581
38.9630742,343.3262871469436
38.987208100000004,265.0302965884307
39.0120676,334.96059971320074
39.0352459,234.34441399644416
39.061074299999994,217.664643001916
39.0840716,240.15709893670973
39.1110713,375.4175985283552
39.1333866,267.4112968392777
39.1582065,157.69587380516145
39.1822062,177.62521503574632
39.207357200000004,161.24769604858034
39.2310641,181.75970970940463
39.2560627,167.44737629906774
39.279067299999994,97.8342621215503
39.305065899999995,100.29243350096358
39.3280725,122.5736218873584
39.3540671,100.03562242710098
39.378072700000004,90.09202128294275
39.402067200000005,164.33945265643194
39.4260685,239.61617929828657
39.4513023,192.06851947988014
39.4750204,191.2560240618094
39.5000179,239.4405722548996
39.5241239,292.1218717464774
39.5491505,220.57020555032585
39.572005,182.29858329872332
39.598001700000005,1224.482228243861
39.62101079999999,1238.5539223449039
39.647976899999996,974.7226523612601
39.6699724,202.86402404270186
39.6949799,318.9166472189734
39.7191057,1319.5497715382896
39.745220700000004,2443.045272136397
39.7682111,769.7018889643019
39.7932076,2306.9251579332004
39.8162122,1173.0027287826424
39.8421321,1425.7124566862974
39.8651311,463.7913635393653
39.8911295,972.8818316376884
39.9151483,1561.5751943617227
39.939339399999994,834.6606572015666
39.9643335,1588.0997436896346
39.9882684,1382.5698969744221
40.0122633,785.0001344555648
40.037025,1210.963421518358
40.060024,1713.9258102447184
40.0860169,1171.771660076531
40.1094179,1905.667618107805
40.135449200000004,1234.5438634727343
40.15845039999999,753.3170751645233
40.1848145,1585.7231590227407
40.2078128,624.9489718274447
40.232322499999995,730.6313424273357
40.256325200000006,1132.6841353075451
40.2813282,482.9773124295183
40.304852200000006,923.3256053979849
40.3305023,964.0149424097452
40.3537023,313.8385030157594
40.3795285,769.6493719002557
40.402522999999995,564.289172122996
40.4285312,281.34806067126806
40.4516666,186.11622576832
40.4765339,324.51668154758994
40.5006592,223.46798669312417
40.525533200000005,264.1870895362998
40.5496848,125.30500986804901
40.5748146,160.955006947242
40.597683700000005,142.57703145614664
40.623726399999995,104.915252703406
40.6466815,83.40239063255729
40.672679200000005,82.93344440270732
40.695687299999996,152.31991312337996
40.7208247,191.239091980766
40.7446458,146.48116628275656
40.7696455,93.1615414771115
40.793648,102.21295451948339
40.818645700000005,124.52570935554535
40.8412776,143.04433116684694
40.867378,191.30476120162407
40.891274700000004,134.07962948724645
40.9164546,131.85572772024778
40.939871999999994,152.50829378538654
40.965869899999994,184.17603508054458
40.9890482,186.40724720859887
41.013881,169.91403174181482
41.0371847,86.22831338656188
41.0630789,104.05685468243931
41.0860734,135.72875587752176
41.1120818,134.77781762542006
41.1350784,200.67795490893639
41.1610749,182.06260024364315
41.1830759,213.17427402072175
41.21007279999999,194.57068352542368
41.2330763,169.54260369744458
41.2572782,109.35795694870478
41.282278999999996,93.70123426932749
41.3062785,132.39657106796065
41.330403600000004,73.63293234307999
41.35528370000001,94.92332935902444
41.3792841,78.31621557680603
41.4043255,85.44467700208303
41.428280799999996,78.08636535952745
41.452858,86.67639721952389
41.47732,124.66453265166064
41.5012245,108.74225756965906
41.5262349,122.15604508890151
41.5512049,132.1947968749516
41.5752244,91.11668412511845
41.6002085,195.56242352249072
41.6233289,209.10915739449945
41.6483383,142.7906234935444
41.6713347,153.64594172874027
41.6983414,146.30475352404198
41.7204626,174.86336478442013
41.7463965,145.49682947886362
41.7694852,135.83923405059403
41.7953424,145.08299311878088
41.8183434,119.78831727412164
41.8443415,162.47314918830043
41.8673687,135.53125699598132
41.892331799999994,198.54116700685395
41.9155879,188.6186584512462
41.941559600000005,180.32533731039746
41.9645567,192.55426796031202
41.9905601,148.68534289149719
42.014573799999994,84.36784093893245
42.038713200000004,182.46898380608226
42.062993299999995,159.4436263240425
42.087711600000006,158.01017719568338
42.1127174,216.85378164593118
42.136871299999996,492.52828354455244
42.159991,710.3174604448141
42.1858723,937.1346651020741
42.20901129999999,781.9147436045679
42.235719,275.1513145248738
42.257710700000004,1388.7182351753027
42.282714399999996,2373.3813742883212
42.3067076,571.9127363486242
42.3319356,2531.4545792826866
42.3559659,1268.0636514094938
42.380991200000004,727.5293139363007
42.403966,1360.3630617603794
42.4299688,1626.4603492789167
42.4528768,540.9821852858759
42.4798777,1256.349690532517
42.5018768,1533.469358310731
42.5268774,711.769425081784
42.550475399999996,1253.7259178389838
42.5764797,1418.4662487469702
42.599475399999996,1310.8728804913796
42.6254776,1397.94373048091
42.649036200000005,265.70632708831903
42.6741743,961.813323837096
42.697202399999995,969.6273473103054
42.7233956,381.74952903306576
42.746495700000004,350.2765225385817
42.7726243,173.8707724868066
42.7954979,160.0647839508985
42.820209000000006,153.20230063213086
42.844044200000006,143.02147755425278
42.869040500000004,167.80429816759616
42.8930449,237.35913815361346
42.9180419,186.59530937239805
42.9412344,98.63180585338092
42.9672387,211.59491712175426
42.9902396,375.2123671856648
43.0163841,264.6739785259284
43.0389903,182.49846093872407
43.0649967,125.21452371232334
43.0879946,185.00310664412723
43.1130474,208.88437083161253
43.1371074,188.6433330524358
43.1641073,115.6750602353535
43.1850994,61.63117263470552
43.2111025,48.695572832520476
43.234171200000006,52.20706429680689
43.2592366,67.56128924384495
43.2829609,53.40822682706819
43.3079579,60.03581908474792
43.3319561,92.18038861203883
43.357013200000004,94.42349426816467
43.38101339999999,67.58732487334156
43.405779100000004,84.39274512497833
43.4287953,47.01616944819701
43.454793,43.70179941204901
43.478469399999994,49.52998243237723
43.5037961,52.15243392156768
43.5267918,106.3365423181674
43.552800899999994,176.23639696532436
43.5769322,167.76891783231142
43.601801200000004,162.562397612809
43.6257994,247.51869266450447
43.6501982,382.3977141705979
43.6741898,374.0297922049459
43.6993265,357.975831916702
43.7221971,270.03036212808684
43.7478476,250.66403666618703
43.7713656,283.41665485568683
43.7972867,318.10408052702996
43.820291499999996,299.33550161369914
43.8462896,256.8318529344856
43.8692901,251.8960459070788
43.8942864,359.82425479676436
43.918288000000004,308.4147168116669
43.9435828,243.22316174949418
43.9665861,315.1491240622488
43.9925799,317.7604387195564
44.01558970000001,278.85180170620987
44.0415816,288.915122807517
44.0645847,313.9249956403335
44.0894299,267.6057651191371
44.11343239999999,246.96883026488223
44.1384301,216.5447061194458
44.1624329,225.74775591665835
44.1874321,198.02581061694787
44.2112739,207.90030194750196
44.2363734,286.4765519759849
44.2593713,227.18493694353253
44.2854643,230.04706186074733
44.3083692,270.3061708583223
44.3343744,211.20099161639217
44.3569849,219.0757938302346
44.3821211,201.51461349552824
44.4059906,265.30281369053705
44.4319904,336.2616791285891
44.455693700000005,504.62237055958786
44.481076200000004,501.421024976602
44.5036902,332.0445092313587
44.529701200000005,155.90232787000355
44.552695799999995,255.99213023703237
44.5787008,415.97614145533214
44.602478999999995,987.0651702503861
44.626824600000006,1358.5054000414934
44.6506946,1108.6900613699863
44.6756942,1285.5297540857596
44.6998005,1536.6389454408934
44.724694299999996,1402.3223905833584
44.7479966,545.838138993796
44.7733591,1102.1953588455478
44.7959969,1101.863959790396
44.82199620000001,418.6671114236263
44.846171399999996,1748.4378132686313
44.8711686,1214.8669140370507
44.8943453,613.8257701852459
44.920171,1509.745799374653
44.9432831,1722.8103041590475
44.9681695,1533.5479411828464
44.99316760000001,1430.6924263699311
45.0171671,324.555613756716
45.0401614,863.7580095546112
45.067167,730.4639685209956
45.0891602,409.8321709979455
45.1161745,1167.6999847493107
45.138794399999995,694.9839498319858
45.1637926,143.756763100827
45.1877956,439.52141094771986
45.212795299999996,430.0615079382114
45.23642279999999,435.77020660041796
45.2614424,422.8005365007677
45.2844472,131.9764736028426
45.310447700000005,111.74517054812357
45.3344467,471.9703407256426
45.3595972,460.46672785178214
45.3825958,257.3659724719682
45.407598,483.4241311303638
45.43261029999999,273.5129792345234
45.4564354,159.67738338962195
45.4813895,230.79153612014068
45.5053926,230.76688418471448
45.5293937,214.7362691539725
45.5547402,210.38190390693512
45.577740399999996,196.37789896415944
45.603744,203.1970567484536
45.6268637,227.9136451629883
45.6511939,177.23653748168664
45.676192799999995,245.48622274392864
45.7013125,209.35998453865193
45.725193700000005,121.41071063696367
45.7503235,117.74565389734128
45.773317600000006,215.25552785579768
45.7993369,181.2442446168025
45.8213618,277.53723730241774
45.8474696,518.7266046224763
45.8704209,289.28304225278885
45.8965325,770.8605218954599
45.9194961,439.8858778335529
45.94467589999999,570.4099296605294
45.96867279999999,426.97023653321924
45.9936786,167.13148501873923
46.0186784,124.8335156115998
46.042334100000005,65.81122273979294
46.0662313,37.03637468377684
46.0912273,21.726263384201438
46.11522479999999,22.7202563093715
46.14091679999999,21.555986808875225
46.1639161,25.176467970646218
46.188911,25.676027453320504
46.2129104,25.85271439237631
46.2379076,24.051522928261193
46.2614853,24.504118558326045
46.286504,25.841588238686548
46.3094814,25.810241131992566
46.3354809,20.52244646394832
46.35848,23.620116029062878
46.3854103,23.332646987846587
46.4082315,25.756046033081056
46.4332395,22.260976858935738
46.4568973,23.975781677262713
46.482198700000005,22.456479819241626
46.5070188,27.0650187372905
46.5318995,22.890186669619254
46.553904100000004,25.08867504250293
46.5799015,23.95518176482861
46.6028979,23.66664533559518
46.628902200000006,27.16404355453781
46.6519008,23.59591931608181
46.6778946,26.705303696936152
46.7008929,23.147283746573457
46.7258921,22.052231111897346
46.749891,24.35443747424797
46.774889200000004,21.733191994841327
46.79862070000001,22.13360451568452
46.82329179999999,26.60503599015263
46.8469405,24.095034114690673
46.87287070000001,23.5856645597538
46.8960514,21.602562497823595
46.9218695,24.348585333149007
46.9448695,21.360656004273427
46.9698703,22.02375771730298
46.993877399999995,21.603463274531098
47.0188804,23.736750742564382
47.043043100000006,22.920345288671037
47.0679946,24.504335125417406
47.090998600000006,26.217575723342794
47.1169958,22.17469747474084
47.1401482,23.385121300484837
47.1675034,21.066801210330137
47.189174200000004,22.512334949046977
47.215172100000004,24.63089177775619
47.2381709,18.551143764007655
47.263260100000004,22.218448235690882
47.287246,22.343333341955297
47.3121698,24.238237944535502
47.3362179,21.089276863967438
47.3603649,23.788787813073196
47.3834596,18.878529664241597
47.409827,23.53053606993749
47.4325657,23.634492342008873
47.4584365,22.973003740754088
47.483304,23.52288489834185
47.5072865,19.98060446501685
47.531290500000004,19.565944245405568
47.5567584,21.48411195315433
47.58028770000001,21.34446603666269
47.6052878,23.155767355313053
47.628289200000005,20.767494432074233
47.6542842,22.987544804242646
47.677287799999995,18.50286351623483
47.7032859,23.5031341471681
47.7262816,21.83859813682393
47.75194329999999,21.330306309575867
47.7759364,22.525430052542692
47.8009336,26.72860531145237
47.8240016,18.611693712723056
47.84992929999999,24.665397849852774
47.8719265,22.240357616181512
47.8989329,21.420743978241145
47.9209249,25.61639249173801
47.9474962,19.555656677537478
47.9708059,25.566840302315157
47.9956505,25.66809689271269
48.0196354,22.13706412498542
48.044491799999996,25.659285548909274
48.0686619,24.10748650090405
48.093495399999995,21.401350719522316
48.117500299999996,21.23902616082828
